23434538
14558127
14558128
10045474
24224830
27204311
15693423
94145021
94145022
65681983
84211599
24299458
14532163
34267821
18144507
18144506
8267140
32909498
90448279
43898403
74078255
30680659
41420027
3285551
572850
52947044
25311006
73956664
97268402
33854624
23002292
54693926
99937011
6767771
83326048
62015408
62015409
74920585
37961969
6637331
81439173
81439174
91800273
43534808
86066372
69946549
8264361
4928565
73628505
92731385
73642296
73642297
71832012
38342335
38342336
58921041
44362883
27381364
25926710
82732705
82385847
84815190
70369116
21044178
37520316
72329844
49238328
39568067
87746184
35480699
98978921
38745520
2563463
35261759
62962630
70368879
102380
36426778
44146295
77103950
60303245
65741786
65741787
35269904
25538345
28226490
79109599
98645731
84330567
35726888
36637374
12580477
72167543
70534340
11321089
90590303
90590304
60461804
59438930
59438931
90846359
63542003
24508238
55285840
53334471
68468459
14816857
98127546
25542642
10000080
87209160
1845204
23431858
82738008
97661969
56465981
48130397
1329620
93490856
63362460
55273560
81866673
43262273
72291078
20590515
32731036
17266660
76145933
95440946
95440947
20612097
60242223
4280258
4280259
92919429
56196385
36577931
68304193
56495147
2857636
20001443
24207889
69248256
52038441
52038442
18940725
54334420
72656408
50588353
69087397
79606837
57103969
48608796
81674782
12444060
34447918
67723438
62709239
38436986
80532587
48626373
54498517
74845897
50810455
54757758
87052196
99726621
28126717
36956512
69540484
93191801
32807846
77235086
68353324
62320425
41999284
56910167
45819647
31434645
6855503
96633955
60600126
24094653
24094654
85289965
85289966
97148796
31149212
96026108
87639778
98159737
90432163
73304257
55063751
14821890
95992081
20292186
32519092
44097050
26847978
94187078
58699500
43202238
94259633
26118970
69327790
94977269
94977270
64964750
44394295
80433039
44095762
63821877
26692769
9742784
19535693
3717252
94192409
73542331
55725117
68957034
30430448
59750328
94445733
55990317
81119816
31562086
28373620
67835547
92107604
55920742
96729612
72272462
81555617
18236002
85914562
75922381
39552584
22110647
25725326
65711558
11110587
11302671
92385016
83755611
97949165
48519867
45354718
73356503
45041488
61740673
6728559
9822220
61488417
12923641
30328508
8728498
73964868
98431356
8491961
34550857
55623480
47219274
40177746
52331012
97940434
5851097
14878871
14878872
98827725
83152482
78610936
29587993
31440046
10182251
5560911
42143067
49088914
14886190
57160136
12571621
49966326
5380979
68829754
86483512
27552504
7480763
13533678
15443125
9464441
2311090
40975243
53582587
73468603
59859086
81497285
1475311
20899496
81997228
40605147
5041348
3040496
77538567
17382973
56984514
78534861
57831349
50275295
34090915
78661338
78661339
60954556
80611581
32756828
92714517
75452921
42741437
86120751
86120752
90179822
1225009
13117073
16474916
77913594
37343995
2295440
80117527
47710198
47163170
95474755
9839945
23516703
79059098
26096328
26096329
6763530
65305468
94689206
73539069
41215808
99745551
38814750
17827173
82956214
26973555
89558743
65536818
10389142
37129797
16020923
15808381
8736823
46576366
2263869
49202162
99735427
88686573
81914447
82105704
29599813
55584558
21347668
54974237
22398665
60362066
79933029
77202120
31849106
46947713
44297127
46772449
27548199
1174075
25550531
56713174
5318639
48461764
14087893
47355498
88836438
13364097
56700100
40139997
26077387
26077388
29948294
40318957
197042
90673288
90673289
33925864
47606319
24361622
6552971
95238394
47325505
16269385
94224458
43387895
63166095
63166096
24434049
60037599
43863925
13974207
67616300
29596581
10604644
63767246
74063034
74063035
21887175
77891946
37469904
73309655
22420202
75500286
8491308
20366274
20366275
43694650
14812471
25789292
47679935
78135071
47075569
72714461
14920218
41209827
41209828
78144171
42198835
59242457
75672051
42566602
87871125
84792926
4064256
97526666
58577036
44509529
52155219
97631303
34755994
9411399
77723643
93708824
26202165
13048472
83827392
6417578
73941492
15291624
41524885
72386290
82112494
67111213
38495396
74567889
55521751
38356857
29888389
4939890
32181268
98338152
37629703
24094258
20618850
91949988
89208725
80101899
93854893
51023024
50907446
32530043
92559258
36187051
69167267
99427357
38943357
59054773
5352328
95515789
18514525
72971064
72330894
61245672
30765615
31833038
31833039
56003780
92519087
46502744
66011101
93229151
71607202
44405066
49036338
75286621
75286622
43316238
43316239
25451383
59494222
88093706
22850702
31786629
12467005
24010609
4408198
83610035
6609736
43886072
90020780
52277807
83334932
74889525
74018812
43664494
97518132
41373230
12266229
9126351
9212051
68431965
99266988
53776969
19048328
8949584
38761908
98452268
80839052
53129443
74586817
2220237
94620082
21011044
98462037
27780618
31443476
98049934
84121193
9726840
29726552
15397015
64880894
51227866
94392192
30459350
21143940
41685633
22125101
81519836
41375811
16188701
36492575
91953000
88544390
93850690
5530780
21057444
9486959
45484331
52645235
20212491
8628798
16195942
16195943
74393852
18666161
67972302
90361010
31226177
83764719
83764718
47106439
48546368
49684352
27354732
3611830
98506199
23656668
82983267
34773082
63288573
63288574
71197066
49105782
32600024
54191698
66570171
30674956
75147529
18249921
93672138
21887075
88926295
57416183
87347365
66403530
16605586
35027493
84749824
9350312
27572350
66698383
76794549
72529749
70875686
73079836
27069566
30983281
52340444
68464358
6498706
2347656
33407125
18094166
11510448
54631665
80794697
41232647
41232648
21915012
66712905
57355219
27243130
99234526
34496660
20318029
99885917
11738489
60465049
68462976
57624336
72957245
63504681
24940422
83107873
92998610
97300502
35252119
52119435
92079625
78872731
38572779
50277355
19369609
98715423
24915933
73580471
61173621
12421694
19096726
99916754
86937530
53842431
99550630
94599451
2347477
66104644
42632209
57329501
3410461
51452091
51405049
29432356
22933016
24799107
50720316
90807199
21639276
29843091
36042004
33158448
4031928
41620959
58481572
74580251
2511
93454062
29942771
45935145
67750322
60228941
3814632
16306932
79130389
88453933
88413677
24842059
58092907
48686504
80321197
66500065
32354768
5043010
5043011
5043012
3233859
52698008
58004362
34848821
79858629
92133240
44665365
46060017
51339637
30691817
71278040
90290572
56063182
40044918
40044919
10158145
71166481
37351133
73810864
37582948
27383110
62265044
42429678
61399402
85032782
36521307
85888377
3734202
4145852
43735670
82361809
78420796
35405755
19510093
57314798
12289247
82946847
64178424
70711847
28400508
66192538
73082255
34813545
83965310
10802915
10802916
34680482
92746535
18239909
62541668
30757127
44335251
52350806
77848740
39000945
36326160
4334811
14124483
82224646
99111753
15381421
23912837
39103226
74822425
91258852
1295111
28427869
61976639
81260679
79126789
67169062
35371948
10813327
72090076
63854005
28270534
49161188
93568288
30194529
20343502
98022050
645087
16209941
30227494
38694052
33365932
52687916
61901281
26556950
13529466
91646304
26889158
36745317
9940036
36982581
1357146
1249315
49032236
58990362
93332803
53932291
74850403
1344018
44586426
33918636
20994205
92798873
37132349
96363153
46159582
11868731
20409757
21495657
28674152
90809975
94016752
48815792
14934922
82257671
60303688
59531356
9205573
9205574
38179121
22865492
91812341
16889337
94415058
98095162
20618081
39185163
87327776
36975314
97383507
98630720
69815951
93896655
42431833
44656491
83266092
91350799
49513164
82738277
80965043
78751195
19211362
58793369
74936480
32453837
43527730
911883
81275020
76218313
4810828
65330383
52945066
94076521
73599290
12307878
69610326
5969957
67748760
87188910
68159562
36609518
36609519
17751597
37164373
30979619
96227613
4055337
59120809
92332424
7436169
16229315
30241314
41386308
44311445
41091257
1322368
8165596
1906812
27520594
48832775
46877100
132308
94886282
52404456
440556
74997493
69164989
80529459
99456344
69015963
21615956
63014935
40854197
14785765
4904633
46372010
95500396
91182675
87170768
36668118
21200905
73639099
64276752
99543666
86099788
43711255
29762407
20758643
57143342
36776089
78080961
4474060
35699
37433748
78231355
78231356
59392529
15232745
28781003
72892473
98045062
21074344
50091196
59305593
77558536
6983839
32617464
25533642
53936268
28692962
1948619
57995165
11969228
91027843
27182739
41306080
3828844
62849088
81767888
21727231
83488497
49027020
75416738
91188343
33909817
99330325
50954680
77411244
18789533
1508649
98169343
13143275
30114823
16960120
85692042
47910940
62098216
26684111
83558891
44649322
74577599
45894482
39552864
25935625
88581108
61283655
53143898
41578483
40110009
22908820
59071624
3544583
84546257
20934852
43270827
51822687
98558751
90953320
45803070
74003290
47349116
20537097
64591429
19882096
5611760
68250822
45906428
47084486
28985331
33198837
78868119
359563
63941210
50005218
23732205
5524387
69811710
69680031
37799519
84332527
10019086
33574806
11609969
9753964
19580308
69452756
68191756
63813056
45462149
1984618
49928686
63086455
18377261
95492061
64734921
58996430
31991800
53262004
74203495
13455674
27642961
26655293
41463181
41463182
91420202
65877963
92892239
15848542
63056220
90444325
69003792
31548215
78990927
96378317
54257392
6186304
38529357
26631975
57111330
49131917
41802073
56347375
28720123
60095092
68215963
691925
44508094
44508095
11366199
2956282
42752141
9348522
5650082
89870349
18940556
70771599
27541563
96150936
7403341
60643553
60643554
71002019
78625448
51697825
31834488
52843699
15130912
87897777
5168381
79912449
86541496
63356631
39910367
53855409
84013237
84013238
84013239
60990740
35561352
16691074
75195825
96157835
28570310
53413628
42790071
47363932
65124425
67712104
30439101
51409648
42009836
7478431
31386180
33833230
20155904
89538537
77449773
71348837
93018428
42352091
41418852
67557908
41525660
34800281
70465810
1688285
56727340
53971455
6540606
74117290
1686814
30539496
21441617
30741503
76375976
29479265
9349094
14418464
76869711
71187462
12801833
94689635
66729231
78391364
12525049
69599136
82697249
41782653
64514892
57835716
85696777
23689428
14025912
71734607
42230449
4019153
77402960
66675911
91557476
75083197
46593546
29595202
73915051
73680966
56746202
74641045
14001430
23893227
31801517
75878039
22617205
66399653
90579153
32302078
81470373
55591586
17535764
38053381
39752820
5206415
33779875
45655875
64966519
53286626
31259606
75730490
81019803
34976176
27581098
95503687
74029853
91351370
46759931
29095552
67692580
33698022
92512625
3758046
9272381
6511113
42110604
86221741
37780349
53989821
56166150
93503294
22423493
53303460
80701178
82085295
3356494
90351981
48589580
78917791
58655504
28174796
39317553
72498838
81078880
57541158
18973184
56099748
32828466
61668670
45112597
95245571
41406613
84636823
17393207
25866285
20174189
74294676
90303176
74069667
35146019
99674361
67225377
93920420
92015800
16360142
79747096
20799347
44478599
38628859
75952542
26435595
23171610
15866454
35059553
28297833
33420078
12014404
1050186
56638325
1697104
90884403
48770333
76471944
81846453
56364287
76145142
14088859
8662794
68941332
15771991
42166000
65563871
30163008
61496006
44932065
49568943
11587414
55125728
79210531
63789924
36361633
70095154
70095155
32619583
60187739
13821299
9012916
9236985
39139935
31437713
95113856
2273734
94693857
81035362
19261966
18326736
54537489
47475363
82404868
30012506
82321037
53701457
25955749
34989413
94046012
48355999
57282724
1980574
62111090
48736598
56824871
17946349
8083925
73345237
63184227
37750912
13258285
82041999
18313046
43685562
21903613
57285770
92428405
73218989
10602628
69973414
77895328
7236721
89631139
89631140
89631141
89631142
89631143
89631144
89631145
89631146
89631147
17484499
80280944
213326
76103404
8233522
58120309
54594017
34230233
33017655
8692301
99188141
37675907
84058253
10443957
10443958
93969023
45627618
7394770
3405259
89181134
63528891
23924608
44179224
98935722
27240101
48068378
72006609
54082269
26845680
703897
84731222
92223430
76782778
40140448
90488465
28346136
67127799
63101468
28406301
99414629
70427670
66309175
8571567
54862960
70825459
63995093
68073522
43040603
72634965
89312388
48800175
14536035
23693634
16940215
8198620
45141013
7623640
35419032
27337596
1639384
46565218
29223325
95040215
56832966
27813661
14756848
45206713
77116346
46796664
83190280
71039903
48444114
71650854
35618217
94160895
14970113
13035077
17228908
23085002
82562802
52927340
92204263
64697431
59934749
25733157
1142880
92964816
50690129
26236560
27412542
77515704
41927278
23790299
7150545
94183877
81034083
77656797
90664857
23499963
83656563
7496001
33907039
91434602
90312154
44708154
46123974
16312943
91749600
48348921
48183890
45883110
71277255
17272964
44760562
65815684
10125011
56433456
37630732
76774528
55794644
64437633
69610924
89739383
78474168
58069384
48739166
6625096
38667773
42589641
39030163
78274190
8240199
18963306
2530830
61677004
13331639
98700941
32995276
53325667
84271823
67680512
80801743
2665273
10669138
71095768
55702233
63261835
34933456
82913020
27923575
58844135
64753988
88232397
90359458
43210483
28827503
76075139
80275707
33878367
74615388
38811586
58858807
21637210
45065541
19403423
83555666
71564252
63977008
71645242
90019393
69243722
3790062
10406322
9047460
8102334
30106950
18205590
14883228
73347079
36553319
30100551
88722973
22638495
61936647
93713837
1561110
35272499
5821478
71614230
86758915
21858819
56308388
79613121
24557335
29296344
53624265
93084621
15248594
13903402
63503850
1966438
63233638
99628747
33212663
31588572
99249638
12524259
8129306
33491462
59419719
30013902
31059809
4008212
37706769
71143015
52807032
39915560
79552283
18890039
92644052
63265554
7602800
80044027
16433136
16310544
50687050
86682165
11132674
9175957
82460246
72302403
95286165
16435215
39238953
26905245
4904812
59509952
22123627
64034255
82012319
37926346
95027497
74311226
73445448
89399912
29616929
46659709
21521304
74583607
66547759
36898537
21565445
67696066
31044787
14624296
72291412
75902998
38517737
37279508
96746083
99274184
5697558
88412339
51391183
13662809
21123811
74762582
62706865
23314220
28776350
16428514
15308295
77075360
60018643
99115354
50546208
9024198
74644400
96708940
79864860
68934651
42055234
11711438
86331741
2368215
32422602
68199168
26866984
37256135
26577155
20424878
83203672
82791472
60884672
70980824
66407907
67436768
48285768
952523
12148078
58543073
94942656
29114773
82489470
71406430
13291886
4836680
31887806
67282505
11825276
95545183
68038375
5141117
66699781
13298352
64193046
10793085
7336745
15800838
33731070
89943723
89943724
3659803
19740112
79229522
86346643
88264978
88264979
32233746
2009101
80727721
19665973
31615285
56410040
33782437
68937720
16037007
46895036
73176465
71015787
49959355
286392
84224627
23851033
94801854
64414267
25472513
87116928
23898021
72336818
46724542
35772782
37561138
40216089
69073023
84040113
31353051
52354896
88021907
87804365
744887
25726386
11069680
71978434
51916853
6284176
67007102
76833149
37478723
27946124
5370235
30576089
66961194
17825378
28403802
6327734
57736667
78010363
54752875
78193831
78193832
84968490
68505803
3431737
80280737
20932152
33236860
18964575
32761286
65703851
10002346
82308875
14824019
28912357
60470713
94973028
52639377
64245689
86686671
85103922
73652465
52551211
16051717
1637760
5399521
16725505
23581825
90162951
59640711
20050865
83443619
29838323
25629622
96334243
14105623
48048590
55241609
34959756
37354507
36429703
72813401
96214561
39622156
89019964
94207108
53417695
40398073
13171876
22091647
76416959
19885332
96945958
40251688
23147658
5846183
51097887
95209656
28868394
49964567
23361526
59765225
95134948
29884951
67288539
77610503
64927055
11443677
51208877
86605515
15198996
34225426
42822433
32274490
72869010
83986578
29401950
72405967
58851034
36021814
19280589
10963799
45809008
46652477
38120068
92826944
79407975
9622164
69448290
37742478
40991587
91078716
29071332
49003716
99590524
61049315
8487449
82888408
11747708
83135907
16638212
23008320
78486968
65367484
37104630
43138260
96381979
30741334
22446869
45725480
16259549
62188962
86532744
68618157
58695102
57473560
17183908
79844764
41510920
30068120
39246582
70245411
91499077
89423971
51316684
14309486
44928016
23166823
78748366
22404675
58446973
31444249
80666118
75249652
49823708
38988538
64973287
37752990
72181263
44852429
11317977
47705572
7127502
97165977
24550676
32134638
53389254
56532353
16759958
51028231
43722862
88305705
31548814
90036274
13241004
11270236
71007216
58984738
49430782
2819435
35125879
61529473
34302287
33280639
60675348
16006416
74640994
70493141
19619755
65017789
28806532
91299846
54178659
80577258
97973962
62487836
45195443
11827244
54525057
81524756
7778726
93437091
75130221
4538826
4148264
41729254
2364438
3111207
25274141
71791814
72700231
14604710
82496097
19891131
35645105
97584719
21744288
52838896
44536921
32476603
14169843
76830505
79656239
42172465
53577438
75660578
23935886
54485355
84664085
11845050
34761841
60033398
10493654
72060415
34721681
31374201
67647362
93031067
80312545
69838761
95679145
81344070
65268179
91530236
52159691
85325774
36099130
98360333
29601381
83039608
6128460
62941499
5253985
64730881
10040267
52296675
15079028
60514625
62089826
50642380
66078354
24226942
10028504
9603252
58938528
91575236
95515518
18720257
45115956
44889144
31006879
9238125
41619242
49370016
1041278
46057733
78199891
73898890
20455229
45675980
43331750
80516007
56907389
57728570
57728571
5758500
10000010
10000011
10000012
29549364
27132350
3078576
99267150
11021521
8842266
91781589
95515060
80161395
65403020
52417194
74157028
9910360
71587526
94853057
77625948
84478195
46145256
36995273
95600067
79856792
96897184
14258627
1149109
7243511
79814787
5309481
1834753
25862681
59616123
38354937
34116027
79798060
5556499
93946239
22339232
94331452
83991690
32003338
32003339
48357738
81873903
581014
4058065
50766506
51735257
13959634
96474800
58058134
63746411
98012938
67922702
51852507
54366836
25853045
60953949
33746252
69840739
21501505
34710660
37445295
82633039
2055403
77679716
987311
73360025
26034577
52038272
88301393
14799437
74009824
164710
69764158
57707471
70913714
96223501
23440231
5133471
31314549
96789758
82734805
71612253
72413000
80889750
15939229
53054833
77360173
98414735
77152542
86240887
21516908
83283063
86943389
59822133
6853254
41546
17994645
80773359
73594093
21250202
56049970
55326322
39964797
76359406
66141736
31755044
66938505
3422200
39581190
26420373
25586143
40636712
48791583
75425320
61397885
82768499
35595518
79559912
56526564
46136942
59479050
22862454
45078193
83477829
79176962
14470845
32472237
56809158
40669071
77058170
35546670
38325384
28031913
27918365
72228247
82428674
82315403
58012707
42542842
4103668
30607616
77092311
3486020
66870733
25140659
64655485
63533837
13935001
8802510
83518674
18678554
43228023
76045757
36768783
62256492
61912252
57916305
71074418
51993760
87988305
14386013
15177750
37931734
64325438
37119142
59208943
40428851
2801664
37061511
11481610
10547580
2645637
36795102
5376159
68769900
20248754
86852702
47897376
10286023
47674738
34614910
32557233
58346901
29280589
78778375
18832779
78665705
12015000
4997565
42052439
30996652
65046521
52445243
86379342
89172051
92770064
54340229
7984540
91642007
13735899
34995106
3322931
63031396
50482813
86976918
34242278
94798725
33814281
91781484
36114945
35098357
98881700
21949879
79582540
31213049
64211118
90583279
52707042
37683547
9070454
94670654
20065259
54092240
32939238
76672730
65956182
92962242
90027012
85969517
8953369
48805472
75294187
4606229
39973386
61245403
60306277
19271881
18158393
23995346
23995347
51828629
28593363
89112729
93900406
32485271
68540059
68540058
85742772
83746708
41855169
71453557
56647086
63012333
90140980
27134689
53539634
13803864
37970940
58392024
78004197
31887905
31887906
68881649
68881650
4376658
4376659
31764353
31764354
17132130
56570271
73125233
40391316
21225115
9952083
50321796
76263644
23571046
7391448
59718521
46239604
14983497
99150062
16527176
16304628
10875327
12435193
70261145
72714392
25958491
84905691
47795344
41181774
77584012
22061412
19605133
44155002
43932460
3642509
60071928
14017402
876330
61320914
5780210
44935634
81066751
31826057
54702678
1945387
55610595
81105204
93717133
24694698
29669359
55067058
78156759
82944432
91279700
88120966
1005587
706925
69293721
58471134
21954587
48179391
74298287
95169481
88177324
50449881
72932673
79759367
31320433
40908371
71068247
55428242
89516305
40424929
95239444
42776960
15981690
3841833
65331686
2729285
63274863
11039171
63060238
12948099
72378329
25811989
13647631
464362
62125438
59642500
58016954
60551528
96055137
82044280
82044279
6077601
83236601
82956492
17016362
80696379
7841921
40089744
48144509
40975574
37192109
36857073
54941203
368382
63251695
98301564
11790356
37649320
50692511
85252081
84025439
83303851
10000090
2129638
51606429
34522216
70917315
7305060
32687071
69072185
5067884
98287529
19254117
80896940
32104431
95658967
42291297
41175645
79538761
2743001
3298689
91691605
64184058
70117860
4367330
77150143
90243945
4931121
53819028
22829942
20584712
80796456
52467217
62899696
8284390
33334269
60832978
95004025
22499034
9030160
57288708
42160203
3987233
5614808
65100616
76029419
92411493
54895237
27561302
53956001
16849715
40509732
66022706
93020401
29415459
55787576
38502358
1482001
2930675
38203732
62530723
35606858
23545031
86938484
50366775
77637979
63731062
86885905
84640866
97616504
9617996
45002991
71384012
67865534
17465972
16643334
34010534
96380700
55878038
55878039
56773577
55838342
39475024
51412776
52711246
52481437
88875132
88875133
146746
61391302
89484053
86605184
48150362
39015
51225407
74218258
62034800
97316367
24701066
58139997
84523092
21522601
83301414
83289866
5772618
30822527
60942444
59707204
70252926
67073561
28617139
64002884
57823578
8148322
7925734
70709488
51786039
88774734
92362073
75448086
53363708
74578720
64756282
38783169
10877309
76587747
63410069
57458399
47158777
99585850
62968263
33945211
8495780
70156946
33545259
63972571
50793215
23672629
28981598
94253655
20426176
87074380
59741415
7407724
60880471
96162588
61641818
21351206
82896870
44440058
43218406
4167084
99927991
29177818
55349375
4059313
41044418
99666430
38904695
88504133
25845518
88234821
9505425
35877582
61272280
8660395
61159609
327051
20246864
91135480
28168762
57157964
70219023
7614732
68258355
4647954
74689476
67100549
84339249
2609443
26237713
33129626
31123642
95911373
92341815
99054885
109401
72860663
52020510
33331231
83723605
56677752
45154513
58308221
19942835
69895264
88083109
13256226
75290703
62133026
84797028
50546029
10034401
7459919
53270092
26372118
17255673
42705243
9597987
66367984
57940938
3248469
92422871
90587641
90465153
58036229
84521924
57900671
71164684