89631139
89631140
89631141
89631142
89631143
89631144
89631145
89631146
89631147
8124921
44519536
70903634
7902349
33396948
32274490
46986414
46986415
46986416
46986417
46986418
46986419
46986420
46986421
46986422
54541900
26202165
88979991
40640057
40640058
40640059
74677422
74677423
74677424
74677425
74677426
74677427
74677428
94905343
28933734
46457856
53493204
41544074
37421579
17881964
1641882
58528964
19066538
80516007
59036972
70681994
64047146
90219263
53129443
12580477
72302403
23995346
23995347
51828629
9293977
69015963
31786629
31560081
28593363
86164529
9653271
74703140
72869010
35752363
95952802
56907389
16229315
89112729
95144193
32355828
93900406
54622031
80727036
15237615
78010363
33508719
32485271
54752875
22046459
68540059
68540058
57728570
57728571
18144507
18144506
41356845
41356846
40633297
63519819
77585513
77585514
86099788
15259703
15259704
87910978
14315573
40703222
37520316
73915051
72892473
97342942
66788016
4206964
24094653
24094654
83764719
83764718
43487744
5758500
4031928
41420027
77414722
3819470
98069388
24068492
51452091
98495314
12607053
44095762
16762927
70368879
5318639
23401839
57617178
83011278
44656491
48539234
74701381
36468556
61740673
71044499
43711255
79106360
78193831
78193832
35316708
60082869
97077563
10000000
10000001
10000002
10000020
10000021
10000022
10000010
10000011
10000012
3366982
83555666
58921041
34016756
83986578
17214465
68005187
29549364
19827717
53582587
95286165
62279055
23171610
85742772
31036355
27132350
83968380
56747793
83746708
94212438
94212439
29762407
81439173
81439174
80316585
15866454
41855169
88240808
40133511
77527210
13522325
40916023
76305638
12800777
45894482
71466592
31893528
31893529
67287533
67287534
94772232
94772233
30170981
30170982
80071763
2460565
49868263
74131780
32807846
66235877
27770341
53046408
16435215
55713623
17484499
3078576
75923050
1412158
295517
63789924
29401950
81172176
81172177
38699854
14087893
37576645
89997728
16392422
42386471
15270885
102380
63995093
62873545
99267150
98045062
24317029
26084285
85684223
58577036
47355498
73628505
72405967
39238953
63665875
59750328
84636823
11021521
35059553
71453557
8842266
2903036
38992735
91781589
27053506
90846359
62325062
52503575
86541496
70791313
33184167
6967870
33784505
69279219
94739788
26905245
98494543
50939127
95638658
95515060
21900719
29843091
82732705
74153887
34853266
80280944
17679043
3773196
47606319
9596126
36584821
72989439
61166988
22589918
68073522
58851034
82301904
40737112
95492061
97169186
69542930
96947648
94192409
56769674
56647086
39552864
65957473
91345518
38730226
64734921
91123920
63012333
51945556
80161395
17655904
43040603
56433456
17078030
70861343
43250041
31305911
78700060
30461781
24221739
16226786
79109599
3136426
2314238
65403020
28297833
64681432
14391920
48229808
980973
46384672
73879377
67934141
4929256
90140980
27134689
53539634
90928333
52684508
51562916
52417194
15800838
41172955
13955608
40450317
86445415
13839120
75500286
26205777
86805855
13803864
75782277
12181376
74848038
9720537
61441708
98446407
60229110
15717011
52101615
88696724
14878871
14878872
49140998
12923641
74694807
36361633
63356631
8628798
35027493
60999392
96384007
23782705
83104731
10509340
56094445
48092532
37970940
74364659
759393
37744402
36021814
35809262
22020907
21908319
58392024
46668237
70095154
70095155
79979666
32752319
74157028
1546123
1546124
37630732
63035430
423585
22512237
45906428
71490127
18895832
70156997
6540606
42945701
79333300
5606466
98259197
24643836
86188410
22587018
33731070
79126789
6214884
32619583
78004197
5498296
31887905
31887906
68881649
68881650
4376658
4376659
31764353
31764354
67169062
93554166
93431518
29826127
65824822
55008284
27581098
85852291
12247206
19280589
44330098
6007213
32491822
69890967
31557782
67829249
93224848
92001300
54762426
80045583
76039636
12538374
46427957
72426662
9910360
45305419
71587526
27408609
89943723
89943724
13093792
3370104
74825788
213326
37318031
63703130
30241314
32296881
94689635
21074344
67468948
94853057
20951752
81674782
53567095
77778835
49161188
74711057
37195861
64599569
63477921
81866673
28355718
54749427
80744121
17132130
28677304
55171412
81566151
17955766
54959865
80344569
17732278
43237273
89621922
42015635
14772491
77565204
3659803
40044918
40044919
36042004
47297616
41230939
77625948
3019642
40418351
38179121
1953925
77235086
3629090
76103404
84290642
47084486
84478195
10963799
47961808
73356503
19740112
46145256
72634965
1845204
91623717
36995273
63394872
99788587
98444741
50323155
98266377
50933533
85087012
9411399
45809008
69025477
95519486
31904181
64398890
90397998
27782503
63176202
99458769
25847467
51232472
24508238
85507811
11502550
48996569
46052429
74117290
46652477
35539880
8323633
95362816
68745629
12510878
49905576
85399281
48783998
11662742
9327502
32933942
69937550
95326659
32710364
68215963
95600067
21698716
7093411
34487429
60876124
33365932
69750546
32543380
21420702
68815401
93187568
56570271
83965310
81020140
17415895
54514594
80908502
17393207
43797906
12171659
75064463
48453776
73125233
35486099
72881007
8275702
96331676
33725271
96218085
32603633
83039729
54974237
82639107
17189677
80678380
79856792
78734254
5128859
41517968
4906301
40391316
8949584
69884162
19594506
80033124
43422537
79816536
41587307
76459806
39343610
38120068
60493189
96897184
69270537
96765646
22160245
58554959
95943058
21947653
58332301
94820406
21225115
5975022
41470137
78868776
4253484
77642288
39303359
38280762
65685470
64463828
27346636
52496105
51670553
27178262
26956670
53341729
99735427
21007444
20985997
43378048
5861892
78651105
5645210
77538567
4923662
30312361
67316075
92826944
90582719
26976414
88643579
25132288
50304345
50282757
86676862
12071500
49469105
11136371
47121070
74519184
10004783
47408488
13893596
71564252
79229522
6614221
42009836
79407975
67159705
3657444
66436257
66214679
92719314
38107923
65192027
91596726
28985331
25924653
88307361
13857930
86346643
48130397
11913700
74402414
73680966
674561
9952083
72345736
8730435
35224440
39980304
92773018
38167722
67045174
4440873
30834988
92373006
89312388
26701483
52105192
12527118
49922726
75311421
48800175
1683982
47077697
9748752
9622164
60161788
96565487
23950192
69448290
95443805
22837504
68226653
95621257
21615956
53100061
90508760
26993374
53388413
25771826
52265835
88650530
15658249
51043243
88438982
14936691
50321796
27315304
53714009
80108118
26593852
52098461
52875873
88264978
88264979
14258627
87148330
14536035
40921744
13314457
12298909
48686504
75081613
1475311
48964966
1353770
37742478
63014935
9418534
35803249
62892347
60953118
23846921
96235275
22624373
59019082
95503687
21502796
58996430
94381039
21785144
57774843
83269557
19441018
56839613
40991587
86489182
76263644
12652643
48156348
75141056
1539051
48934760
313513
73206827
691925
36099620
1149109
74029853
37412656
63806265
61962135
23516703
57666212
19327348
17266660
44665365
2322421
37694547
487395
63977008
60800381
97204936
23693634
60187739
23571046
97021916
57731460
83725008
45452224
71628381
44508094
44508095
70902743
7391448
32441317
31328739
67723438
35480699
59718521
96216229
22201234
84968490
11366199
46239604
71799173
7183277
44178886
32233746
5126490
68505803
4904812
30399511
67483216
93882364
30276969
66661678
92065772
65549080
92933195
28332833
54326448
91711547
23115241
50604950
96099959
23093604
59482302
85876417
22371016
58760121
85754829
11159464
57543573
84932271
10026986
47421985
83810690
19204398
46609443
82693042
19182751
45586855
71971554
7243511
6021033
33420078
79814787
5309481
78792195
5186893
4064256
30459350
69514125
68392533
94886282
67270095
93542102
29947751
66331855
92720564
28124263
55119278
91607976
28002611
54497620
53274132
80769747
11819616
47217354
46195773
73580471
19974580
71645242
44424095
68462976
92890308
91078716
53334471
80723580
54283059
27762803
54161401
80555116
16940215
53944920
89333528
16828633
52222372
89211486
15605085
41090784
88494899
14983497
41978142
77372241
13761956
76650663
3648368
45033006
71438011
44811425
71315423
7700132
33198837
70583986
6588580
33972299
69461394
67300516
29071332
14943837
40348946
77336644
13821299
2009101
49003716
75498415
48381268
3431737
49826746
1596508
32646477
69031175
95526884
31924889
94681654
56074358
55136228
80280737
1834753
612115
36107810
99590524
35984222
98777036
25862681
61257789
97651498
24040093
60434101
97439806
23927545
59312550
36717258
62701967
99150062
25654671
61049315
98437424
24432029
51827737
93211836
20700531
56704140
82199284
29587993
55982698
82377606
28465301
54860010
81254059
17649753
54048462
80032567
16527176
43925870
89310929
16304628
41077745
40854197
40732515
39910367
2403771
25614410
85431040
22835145
58820853
85215458
11613567
57108202
84592800
10591919
47985614
10875327
46263076
19642889
45041488
12435193
54520292
80925836
78868119
76913983
76891401
2295440
64952266
91351370
37745919
63730624
90239723
36623431
99002135
25789292
59839761
22628574
59616123
85101228
11596936
83266092
73040500
19439119
46833854
72328962
8316661
45711266
71106375
8594079
44689688
70083723
7478431
33866130
70261145
6256844
32744558
65149697
1533292
38528901
64926005
90311614
37806313
3204467
30299166
76683171
2088870
39477584
65961683
2956282
38354937
65749035
37132349
64627453
90011152
99177923
25171661
51566770
98954375
13504844
59509952
58787301
85771019
11260714
47664723
47432275
46710683
72714392
9109991
45593005
8487449
34471458
71870152
7264861
33537328
69931927
6320631
32314730
68809475
95204084
31692182
94081496
20358953
51808422
87292536
23297235
13574687
59969392
25958491
52352005
51630558
87902575
13997673
59385322
86780027
11052544
74845897
47325505
9995766
46480475
8057630
34545235
60718396
6112401
95090813
32485518
68473226
92807548
28183605
54578613
81962318
13361027
59755122
86840720
12235475
49633574
85028288
11012887
48411996
84905691
11390349
47795344
73783043
10178757
46572756
73061465
9056100
45450218
72845813
8233522
35638627
11722335
47111934
74506079
900787
47395382
73483491
9888196
35050257
61322713
34116027
60600126
33093439
69488544
95750695
21159309
68543408
20932152
56209279
82693917
29088922
55586621
82971335
43426903
16909657
42303365
79798060
15187079
41181774
10060427
73853830
9126351
34358408
7841112
33236860
60634565
96907086
68663748
94068856
96729612
22123627
69112325
94662235
29934351
81489939
43262273
42024143
78422252
77584012
34022290
60417395
69572169
22061412
21249921
57238939
94622638
20127343
56511382
83500096
29905795
56399890
82888408
18282103
55277252
81661951
18060565
54455664
80549379
17948378
43332022
80727721
16111820
42110434
19605133
55099248
82498947
18482591
44877690
81275309
17760003
44155002
80159717
17548456
43932460
42810973
3642509
37792478
64187086
27970830
95453143
58242947
58120309
56286179
19665973
44341034
44125452
43002864
79491903
16886617
42280216
78275321
78552773
30936186
3825890
30213599
65496056
5373478
77153811
4141820
67030233
2203790
39701395
91580102
64973456
53039326
99523325
52913738
19451302
82340056
18517177
44901281
43889633
5556499
42940404
78349103
4334811
31828916
66378485
2377034
39761138
65156847
91554542
38049541
64034255
91438994
27827903
63211608
90616316
26704411
53199020
99594764
25988873
52977572
88361177
25866285
51254980
87649699
24644634
50032342
27527047
53921056
99916754
26304459
52709508
89194103
25682811
52687916
13521194
42737833
31615285
3381441
66165755
93169863
64104037
99370594
26775203
52869807
89258906
25652655
13708425
50702124
86197239
13582837
49080532
85475641
48868994
11747708
73318863
402568
49680980
1357146
47346845
36629203
73018302
9012916
36407615
72896720
31385077
67779172
4168871
30562585
66957584
93946239
92223641
65612454
28506708
64990807
91985515
27383110
53778229
90263923
89040386
25435080
52833089
15313433
51717541
14550855
40555959
49833312
86821010
12216615
49600724
11593137
74860293
36643046
9433350
36521459
72926163
8310162
35705817
8198620
60071928
34293667
55343236
91731841
27126980
54620698
90019393
27004302
89893715
26381750
52786469
89770167
15169262
51554871
88958576
14047624
41431329
87836938
13220032
40619741
76614340
13108445
49597193
75991898
12986807
48370501
75779210
1264319
47658964
74657662
41777
37436476
97268402
95291684
56746202
83135907
19139516
55624610
82012319
18407024
45801022
81896771
44789585
20174189
15951532
14017402
76774528
2772236
1050684
48445393
74439492
1834107
712559
98645731
59699355
57355219
84749824
56410040
5998840
31383545
73787254
176392
9059700
1710476
37115575
74509280
598988
37993923
63487632
876330
36870345
62265044
99659159
61320914
24103628
96693371
22865492
21143940
58147549
84536654
10920352
57425061
83414006
82697428
19186123
45170821
18964575
5780210
78564023
4068622
31053337
3846170
30230789
66625883
93724592
39118197
65503206
92901944
24996659
61380658
97885363
23274061
59546528
22339232
21113684
58601383
24696097
50091196
97489701
23874409
50278554
96363153
22751868
58924378
84428023
84206435
10691144
18756904
45141013
5577649
5851097
31849106
30127518
67111213
93506862
39905966
66399675
92784374
29888389
65277087
91662792
28066831
54455435
91449144
27944249
54338958
90727556
26722601
53116300
85505315
22009013
58494728
84488827
11877465
57272170
84766279
10755984
46159582
83544697
19932396
46337945
82422049
18816758
45215453
18094166
10365322
46759931
19642774
18426196
45815891
7304544
33970665
69243722
5237827
31632536
68120130
31919988
67904682
91392974
27780618
54185227
27564031
53063039
52840598
52128900
14507213
41902352
87390067
14785765
40279770
72278479
44935634
6602300
68140974
4545683
31930787
67328336
93600443
29095552
67750322
94145021
94145022
67038874
93023479
92300891
55794644
91188343
28573958
54977057
81066751
53855409
80244114
16638212
89127526
16516630
52900379
88305978
15394083
40844552
49721904
75116619
2511717
48505422
74094021
1498130
33883834
70271583
6276588
32761286
69155991
5554990
32548609
68933343
94331452
31826057
30604579
93483212
29981921
66976526
92361635
29765339
54031490
81426505
27821104
53819808
80204957
16708652
53193261
15854426
41858121
27243130
54631834
80036543
53519297
42671151
41458579
77847678
76908448
2407147
38492752
75886890
1281505
38679204
74064212
168917
37557626
63942761
336369
36331074
62729173
99214782
35618486
62007535
94092230
21496848
67985943
93379652
20374351
56768355
93157004
29552709
55046718
92035412
28429121
55824220
81218874
27207573
54702678
80196387
89252157
13302026
3912064
39284521
38562933
64550682
1945387
37349495
64734090
123709
36227804
63612442
25373678
61777313
98162021
24150026
51555725
97940434
23434538
23212990
55610595
81105204
28190303
54594017
81983656
17377751
16255173
15033525
78922939
15310033
40583194
77087109
3072808
49460512
76865611
2250266
39648965
38522377
64910482
1315120
37300735
64898834
293542
36687247
61737116
98126725
24621460
50615578
97000273
59771339
25165047
62560742
98558751
24943456
51447164
97836203
24221808
87614611
23008320
47436247
83831356
10925955
41197012
4081825
75525309
2924048
65703851
38296564
64681263
90075978
37474917
63468625
90953320
36352429
62624486
24413299
51402908
97896503
85839825
58628539
84013237
84013238
84013239
10002346
47506081
83991690
46384403
73778008
19163116
45662855
72056560
8041569
45439263
11834972
47228077
84313685
10712320
47106439
73551138
19959742
46044841
72439556
9837195
45222299
71616908
8611007
34109611
71594310
3989465
39987164
76372778
2766877
39261576
65659181
1644289
38049934
64437633
91822647
37926346
26082117
62476815
25259669
12299841
59297550
85682655
12076263
58475908
46404281
72403299
9897998
71786742
33347467
6836211
33225925
69610924
5014629
32003338
32003339
68597372
95992081
31386180
67775894
94770493
33057951
69320362
95714077
90592429
24920410
86690572
13685271
48357738
74530899
10028593
10802915
10802916
46291010
72563071
8967776
35952884
71341529
34230233
60228941
7623640
33017655
69402394
32995007
20838380
93717133
28990150
55488859
81873903
28877602
54266211
80651316
17045014
53540729
80538728
42328171
25716180
88205593
24694698
50088247
87483942
85138716
12533811
48928529
74416224
11411223
47805931
74294676
698785
73178098
72355441
9354555
35848254
71233859
8632967
34026662
61011311
33904024
96383838
33782437
93504463
29999161
56993276
28654932
80321197
43114901
89609515
16693254
42082363
78486968
15871676
41269771
78364470
14759024
40143123
77542832
3536537
40921545
72429240
8814959
35209994
71203602
8692301
581014
47579719
73964868
359563
36757171
72142276
9236985
35631584
72029628
8414337
35419032
60181553
97170107
33574806
69069911
96457619
68124775
94119480
83274244
29669359
55067058
82052602
18446701
55935416
81330115
18724123
80117527
17502671
80495985
16480084
42874792
15667446
42752141
78156759
4545854
41930553
77334267
40817915
3606728
39695323
76080032
38973775
65367484
1362589
38757297
64145892
33034646
69023354
96427353
22812068
69207766
95395761
21790410
68184115
94573223
21977828
57962537
93451636
95027497
22512406
58911105
21390858
57662975
29455728
56840427
82944432
19333131
55727845
81122844
18511599
44505297
17494901
80887714
16272453
79155167
16550875
42548470
78933589
5338223
4215636
30600344
77098449
3493058
76972801
2371506
65150219
2148918
38643567
64038662
91422370
37421075
64815084
90200789
26708437
99188141
94243005
57036718
56910167
82308875
55758589
44035031
81020646
17418744
43813459
80208158
15574615
18063928
81846636
17241370
44635489
70624184
17129783
43513897
70908596
16906241
42391240
79785958
5284653
42679662
78663366
4058065
31456110
77841719
30334522
66729231
3113836
39512984
66506689
2091298
38495396
65884091
91279700
38273745
90156158
27541267
63545861
90934570
26329679
99212922
52601736
88095331
25484449
51589188
87973893
24362891
50766506
12423762
45812361
17201174
43573231
79972330
41639001
78033100
4022819
31516413
77901552
3300267
30794966
66789970
3283679
39672388
66066482
2461031
38450736
65844845
91349449
38737148
4722253
30126992
39272762
65676461
92661479
28150174
64554883
91949988
27337596
64332231
90726340
26211048
89882100
25377819
51365514
88760522
14154221
51549976
87047074
13032689
86825483
11975962
47360060
74854609
259314
5037726
78910579
77797992
4192696
66853752
27407330
53670497
99064191
26563200
52558805
88942504
25341652
51735257
88120966
87008374
13492423
50491121
26885836
52370835
89774530
25163248
52158283
88552992
15941690
51435705
87430304
14824019
40213117
87608852
13002461
49191560
86585274
12980373
49374988
75363626
11868731
48252330
74641045
1045143
47030842
73428497
923596
36318200
8078366
61468779
60645181
93730230
39139935
66523544
92918648
28912357
65301952
91895091
28290705
64689404
90673413
53466826
90951921
26345570
52340274
89739383
25123082
52628687
88616795
14001430
51405049
13166204
49551909
86555018
12940613
48439321
75833426
11228035
1005587
73599290
9161357
35255456
12644061
75433814
1828513
74311226
706925
37104630
73199638
9583383
34143852
61132951
97526666
33911264
60316373
96704018
23899727
69293721
96682430
22076135
58471134
95466842
21954587
54359696
90743290
26732909
53136004
89521713
26016357
52404456
51282878
88686573
40160226
13959634
76442347
49221191
75620895
12014404
48009503
74593218
1992816
47387961
74371660
770365
37164373
73659078
9053187
62437430
35220244
61314842
8719957
61592395
97997309
60470713
96864811
95920682
21924381
57319935
34707034
60202749
97697447
23681456
60080151
96474800
22747316
58131925
84417082
56897896
19680539
56174248
82579942
14568951
87347365
14745409
40230018
13629812
2407234
48995978
1784686
48179391
74168099
1662004
37057743
73445448
440556
36834155
63223260
9718968
35112613
98555327
35950025
61344030
97433739
34838437
60222582
97617181
23015896
69000994
96594609
22993208
59388357
95772051
21767650
58165765
84650463
21044178
57043117
83438826
20822520
56321639
83715234
19700943
56105047
45082499
81471108
18865703
44250812
70655556
17643265
43138260
10532969
56921677
82315772
19310321
45705025
82293134
44682448
17475251
44860890
70355994
6353603
43748308
75132317
2521011
74298287
282886
37781520
63175639
9560338
35842855
97403510
23998625
60992364
96381979
23776077
59170782
95169481
22653490
58058134
21831848
57836546
84220251
10719350
57103969
19596712
56981417
19870120
71541986
17536995
44920699
70329348
6713443
79206750
78474168
78358521
4756629
30741334
30929786
92418590
39806198
68084557
4179255
31563350
67968069
4357063
30341772
63746411
99234526
35629124
62023839
98012938
25407643
61901281
50789693
97173708
23562407
59057152
22446869
21223277
58712976
57996334
83994433
10389142
19667590
71923655
70101178
7500772
70089580
6483224
32872833
79867938
5361647
32750341
68144350
4549095
31533704
67922702
4417407
30811116
66200210
93294869
39699564
66084673
92572371
28577986
65961085
91350799
54149433
90238142
27632240
53027855
89399912
88177324
15561463
51960178
23454876
50449881
86848580
23232295
59627393
85121942
22110647
58504745
85909450
11398059
57782164
84877802
10275411
83054225
19059929
46448938
72932673
19337371
45725480
18114794
44487250
70875955
6260554
33665663
79759367
6148016
68937720
5325424
31320433
68815132
94203886
67692580
66970002
29353756
91020571
27415516
53797637
89185742
26570480
51852507
88241506
41620959
87025064
40908371
76902476
13391185
49785720
75180828
71068247
7452945
43841694
70946699
6330307
72502414
8875971
44273680
70668285
7152333
33551032
70546737
6930746
32339440
69723159
5818294
32202803
68601507
94096616
31480215
67489919
94973028
20368763
66762372
93751476
29146185
66540884
92039899
55428242
91812341
28201945
27189308
53573406
80978111
53451824
89856523
15240238
52639377
88033975
15028680
41517789
87911394
14306092
40390147
77799846
13183454
49678559
76067258
2061963
49456901
75840616
1249315
48333324
74728028
73906480
904185
36499284
5288597
31554054
67949763
30338466
66727115
93211810
29616929
66604523
55888045
94766498
20154092
67559101
93543806
20032555
56427559
92821268
29216967
55204071
92609670
28194325
54582424
54366836
80764541
16259549
53244294
89642993
16037007
42421606
89516305
15914410
41309158
88754763
14152862
41147577
77631175
13030280
40424929
76419637
3814632
49202331
75797046
2191144
38180759
75574498
1969506
37364101
847915
37241623
63630268
9024367
24184846
61679541
50457953
92841002
54512827
81907872
27491571
54490275
80885284
16279989
53678698
89662736
16157341
42551040
88940154
15335853
41329458
88728507
14212201
40607210
80485722
16889337
15545291
77205367
3790062
49195710
76589815
2978414
39972129
75367227
1855932
38250531
64245689
1639384
37038993
63422098
917796
36916401
99795159
62188962
98672567
61466310
97738431
50527144
86516889
22900598
59305593
85893201
53550467
80555062
16943770
42338879
89732524
15721123
42216237
78610936
77498348
3160805
76543119
2948263
39432962
75421661
63583431
39765958
75253697
2648201
1426714
37910722
64319467
90303176
37798171
63193879
99581584
36076683
62070231
99469936
25853045
51126152
24919805
86308219
23893227
59281922
86686671
12670770
58069384
85463083
11958188
58947797
10736540
47120245
83519853
10613952
46008667
19891310
45286019
72370114
4779823
40164421
77558536
40941889
2618045
38007744
65591858
37984162
64379261
90764875
37168514
63257623
99641328
36046926
62434031
99429730
25824484
61318483
98707192
24101897
51196805
97584500
23979249
50474354
86868952
23857661
59251766
85646474
22134079
58139128
25524823
97317530
24701235
23689697
86062400
12467005
12744567
48739166
84124261
11522979
47017574
84401683
10406322
46895036
73289035
19684740
46772449
72167543
8561192
45950291
8339504
70222318
7617062
33611061
70000776
6595475
32999573
1372887
91650245
37055344
63049052
90434657
26822796
24861088
50260683
87255382
23649496
59048135
86532744
12927849
59911557
85310252
11705261
58199906
11682713
47077318
84472026
10860121
46955770
73359475
19748583
46132282
72537897
8522996
8809344
34898052
47687766
73176465
10560119
46565218
72959823
9348522
45742626
72837335
8226374
34620088
71015787
7409792
34408491
60992105
6387204
33776843
69170557
6165656
32559361
69058960
95442074
31437713
68836428
94220427
21715135
67113830
93108839
51865604
98263709
24658418
87047161
23536866
86325573
13313278
59708927
85103922
12697630
48086335
85080444
11475049
47863787
84268896
10753491
47741109
73136204
10530913
46925518
72913666
9418365
45803070
72291078
34680482
71175527
7573135
34968834
60953949
33746252
69230391
6625096
32623004
68018709
31801517
68396121
94380860
20785975
67173574
93568288
20563387
56051086
32446630
69840739
95239444
32224143
68618157
95113856
21501505
67556500
20349913
57734012
29223325
56611470
82016179
29400787
55599882
81994591
28388296
54773234
59650656
86049351
12444060
49838105
85827713
11221418
48716527
74100225
11109820
47594939
73988674
387282
46871387
73866096
9260791
46659709
72044448
8038143
35537251
71921856
8316565
34710660
60709218
7194917
33698022
96471335
21521304
67926903
94415058
20409757
93298460
82176812
53025096
80019195
16404809
43892408
42776960
18175965
55569674
17236839
43225434
89719143
16114248
15981690
41386308
74875003
269012
73652465
9047460
36442179
72930878
9925982
8102334
61692648
7080743
34475451
60879050
96864105
33252803
69757518
68535320
95929069
21414674
94807487
20292186
57690191
93085839
20579538
56574543
82962242
55742055
82140600
18235309
81028112
80802524
16178681
16178682
16178683
42562690
79967395
15452043
41440148
78835747
4239451
41628550
77013169
3117804
40502912
76990617
3395226
39389320
75878039
2273734
38667773
65056481
1050186
37445295
4939890
30328508
77723643
3717252
30106950
66500065
2095764
35089369
61488417
8873112
34267821
97750534
33145233
60549248
96938986
69327790
58695102
94693857
57473560
94977269
94977270
20366274
20366275
83755611
29143726
56638325
82633039
18027138
55416843
81810441
18205590
44394295
81788994
17183908
43577607
16960351
79844764
42233477
78621186
5026221
41510920
77505534
4904633
2055403
65848811
1833916
38331564
64726269
91110378
63504681
90098780
26493435
26270847
52665542
98154550
25148255
51543904
24326617
50720316
87819421
58481572
58369990
84764038
20758643
57143342
83531441
20036055
56421754
82419869
19814508
44186624
81571633
17979378
44364077
70458081
17857780
43241495
16021142
42029847
79514956
5908650
41307269
78391364
4786063
31181711
77679716
3064425
30068120
66457138
3841833
39246582
65331686
2729285
38124994
65518099
91907707
37991342
64496451
90885155
27279764
63274863
99668578
26057276
52551211
99946920
25935625
88724332
51617185
87602890
24096499
50485594
13974207
59368956
48546368
85545073
11039171
48424886
74822425
10817524
43202238
79606837
16195942
16195943
42589641
44256816
70245411
17639150
43034264
70422863
6417578
79306385
5795980
42199039
77462146
4450854
30845999
3734202
92512625
65305468
91499077
28884172
64283880
63060238
90555947
26949946
53334641
99733359
14883228
12948099
12822541
48210156
74605254
11609969
47198668
74583607
987311
46372010
73360025
72648577
8643186
35037880
71422989
4820694
3758046
39153655
66547759
92536468
39030163
3580032
30575681
66970385
90307777
27796375
53180020
99185129
26674724
52068432
89463537
25857246
52846880
88240999
14735698
51124303
87118301
14513016
40907115
86396750
13890468
49885567
86274272
12678870
48063985
75457624
734741
47728740
73213494
601193
36006208
72491806
9485511
35884610
72378329
8763963
33823832
69211541
96606246
22091345
65195959
91584698
27978707
64373401
90361010
27756115
53251824
99645428
26034577
52038272
89423971
25811989
51316684
88301393
14799437
51194046
87588741
13073850
40061558
86466163
13851202
88123329
15521027
51916032
14309486
87288189
49959355
75944053
1516510
47611119
74009824
494922
36898537
73887236
9272381
36776089
8559793
35544402
61948106
8437145
34822850
60226558
33609262
60004971
96598015
95376428
21648584
57047293
94432298
20426907
57815601
83319610
25704359
52198054
51976476
87475570
14469229
87259933
13647631
49032236
76136345
12525049
49919798
75304793
1686814
47075569
74069667
464362
36953371
73347079
9742784
62125438
8529136
74892653
286392
37675907
164710
36553319
62957424
9342162
35330871
62835876
98229575
34614289
61613388
97007933
34492631
60990740
69764158
96163807
22657402
59642500
95040215
21435914
84224627
21313376
57707471
83102080
20590784
56585883
55863245
82257940
18252559
81035362
44928016
70913714
49702428
75190122
48680970
340002
37745740
73130445
128454
36523152
62017867
9402966
35800511
62895219
98280324
34688023
61173621
97567736
34566435
60950180
96345188
96223501
22617205
58016954
95401059
21495657
58990362
84388461
20773176
57777714
23166823
60551528
96055137
23440231
59438930
59438931
22227683
21105106
57594700
84988419
10383554
57477163
83866861
19261966
56655675
82044280
82044279
19048328
45533023
81927732
18326736
44311445
71705144
17194258
43698897
70083592
6077601
43476205
79861914
5255013
32354768
78748366
5133471
911883
35561352
61965407
24348804
23626223
22404675
59808784
95993388
22382087
58786132
84171830
21565445
57554544
84058253
10443957
10443958
56832966
83236601
19221310
56619314
19508728
45593826
81992475
18386170
44771289
71279983
17264592
43658697
70043345
43436049
72714461
71692913
17086528
44481227
70479321
7864030
43268675
79757784
6142488
32146097
79531196
5929801
31314549
68819554
4807253
31292357
67696066
4081665
30079770
66574418
93969023
39357122
92746535
24131534
61639289
97024987
24019092
50407691
96802306
23296404
59785059
96789758
22174866
58569561
85967160
21452275
58446973
84845628
57624336
83629030
10117149
46502744
82956492
19355597
82734805
18239909
45627618
71612253
17016362
44405066
70899775
7394770
43383478
79777187
6172122
32566831
79555535
5050644
31444249
68833958
31222701
67616300
3105404
30500113
66994718
65872270
92266279
28265983
5650082
31044787
30100551
66194206
92693205
29087919
65472618
92870717
28865322
54250060
27143874
54537489
80532587
85800949
22804644
58293343
84565800
10960419
46354113
83743222
19747827
46232525
19025379
45410988
71408082
18803791
71782404
7171149
43175858
70560957
6958551
33453260
32231618
68625727
5010422
31118030
67503139
94997874
30392583
67381587
39260991
66668900
92053608
29047353
65446452
91831066
54320860
91718579
54507222
10000080
53485634
89870349
26268488
88757791
15146890
51531505
88935103
14920218
40318957
27813661
53208660
80696379
16691074
52085072
89474727
15978426
52963531
88358139
14756848
41141943
87535691
14624296
40028305
72413000
19808608
45206713
72291412
8785161
45184165
71578874
70456282
7841921
33245030
79234734
69512157
5506791
31991800
68395509
94784213
67273917
93662626
20056760
66451379
93445074
29834183
28112535
55106249
80889750
27873305
53262004
80666118
16051717
52145422
89544521
15939229
52323874
88722973
14816688
41201386
87609391
14094090
40089744
76473843
13972452
49366157
76751255
2759860
48144509
75539614
1033312
74416026
811734
37209439
36183881
2572890
2359348
75249652
1637760
6511113
33909817
69304426
5399521
32787239
31061682
67050396
94454495
20849090
67237709
93332803
29726552
56111151
92510265
81275020
27660735
53054833
80559548
16947147
53932291
89326990
16725505
42110604
88204302
15609017
14886469
40975574
77360173
13764881
40159926
76547525
49036338
75425043
2810642
38814750
74203495
1697104
37192109
74586817
575512
36970611
63364266
9753964
36857073
62242678
98637386
35035481
61420130
98414735
24903843
61307542
97792247
23187256
50185950
96570609
23064604
59463312
95457011
22842126
54241725
67120578
56907986
93302695
29491334
55885348
82270047
28674152
55063751
27552504
54941203
80335817
53724621
89113320
16617334
42002073
89091772
15495787
42880485
78274190
14763299
41767843
77152542
14541657
40945356
76930964
3428069
49823708
76218313
2602411
38601126
75195825
1580833
38988538
64973287
368382
37752990
63251695
645794
36630403
62038047
99423156
35818851
62312469
98301564
61190918
97588916
24573625
23851033
86240887
22638495
59123194
85528209
21516908
58901502
84305651
11790356
57288064
83283063
10678778
83461421
15555120
41940225
78348934
14733538
41128647
77116346
13611090
40005099
16494704
43898403
16278116
15155568
41554273
78949372
4333086
40838625
40605147
75988594
2376209
38761908
64765016
1154611
37649320
90432163
36426778
63821877
99315585
36704180
62709239
98153934
25542642
61936647
98431356
51814159
97219708
23603403
50692511
86196216
23581825
59975920
85374678
12369277
58753372
85252081
11646785
57031794
84025439
10424147
47819246
83303851
19302550
46796664
72181263
19580308
45974017
71069715
8463720
44852429
10000090
2519690
39913299
75902998
64280356
1274455
37679169
64063868
90452877
36956512
63941210
99330325
36734924
2129638
38517737
65612386
1006081
38491199
64880894
90884403
37279508
63767246
90162951
26556950
62541668
99940363
62829077
98827725
24212820
51606429
23377694
59762399
86157908
12255007
59640711
85034450
11439455
48427163
84812868
11317977
47705572
83190280
10194329
46589034
73977033
19462747
45467446
72855441
8240199
45644898
71039903
7127502
34522216
70917315
7305060
33300669
79794767
6283472
32687071
69072185
5067884
32465539
68950538
94344242
31733941
62015408
62015409
25494711
98287529
24672164
51777272
97165977
24550676
50954680
86943389
23338098
59822133
86221741
12615446
58600555
85004150
11493868
58988903
24382602
50371210
87765315
23160024
50554729
86643777
13048472
59432181
12215894
11193246
47598941
74582050
47475363
19254117
45531624
71703785
33460840
6853254
94919024
20403123
67808837
93892436
20281581
56675280
92170894
29169993
55553602
86013171
12408276
59496924
85991529
12385638
48770333
84769941
11163040
72708264
9106362
45591967
71985676
8384771
34379489
71863024
7268133
33656832
41546
46035545
73534250
35191415
71696014
7084129
34079868
60473572
7868571
33256280
69351984
96746083
32134638
69529337
95923441
32912040
68406755
94801854
21296502
94689206
56562619
55623480
81612598
28016193
54401832
80896940
17994645
53389254
80773359
16172067
42566602
85551711
11050415
48444114
74839123
10833828
47222536
73616671
111280
46500985
73594093
9989792
45383307
72772445
8267140
35261759
71650854
34449261
7922915
33327029
69711728
96100333
32104431
69599136
68477598
21250202
67754901
93149655
20137754
56532353
55410871
22804410
21082832
56132807
29021114
55010259
82404868
16964437
42237854
78625592
15610297
41114306
78509901
4998619
40392714
77387463
3775068
30270176
72664875
9659580
35058588
71442223
8837932
34325937
7714344
33103459
60508057
96592102
95658967
57314798
93713837
29208536
56292140
82697249
29085954
55470553
81974607
18963306
54358015
81752019
17141718
54135423
80630522
16024176
43413875
89818984
16802689
42291297
78785392
41175645
80352158
43845801
16625614
42023223
79418928
15502037
42901635
78355370
4740489
41735184
30012506
77411244
3405259
66399653
2783661
65172015
1561110
64450427
91449532
33833230
69228245
96622984
22011689
69105797
95500396
94388754
21772453
57261568
93665266
20050865
56049970
83443619
29838323
55326322
82321037
18716735
44088292
80476891
17871506
43266605
80250319
16759958
42143067
79538761
42921475
4810828
41209827
41209828
77693536
4688231
30086349
76471944
3966653
39964797
76359406
2743001
38148100
65536818
1621413
38026562
64414267
90809975
37803970
3298689
30786387
66171432
3576031
39564736
92353449
38848158
65236257
64014615
52176579
99274184
51053997
20447641
57831349
83326048
19502505
55997110
81481818
18486927
44874522
81269231
17663375
44052074
70147689
79324191
16719140
42713844
78202553
5697558
41091257
78080961
4474060
30979619
3752422
30757127
66141736
2530830
39024589
65029288
64207696
91691605
37780349
64184058
90579153
26964762
63362460
99357565
26841274
52240819
99634927
25629622
51028231
88412339
24907044
51391183
87390798
23784496
50179591
86578200
13662809
59057953
25451652
52840267
88234365
25339070
51728779
87112784
14517422
50501121
87990236
12262393
45667991
81055000
17540705
44944304
70939418
17328157
43722862
70117860
6205579
42600274
5489987
42878636
78872731
4367330
31755044
77150143
4145852
30539496
66938505
3422200
39817919
66815913
92200612
65193366
38572779
63845230
90243945
52022648
99427357
88305705
25793414
51788412
87182127
14577226
50065971
87460579
13455674
59843383
86238081
12632096
49121795
11510448
48905153
74393852
47882565
73271204
675319
46060017
73055622
9553721
45948430
72332074
8321183
35726888
11110587
48605591
74003290
47482043
73881652
276357
78765160
5153769
31548814
78942513
4931121
30603688
66698383
39581190
65976795
92970404
64753157
91258852
27642961
54631665
90036274
26420373
53819028
99913726
26308721
52792430
89181134
25586143
51570882
88069597
14463695
51858200
87246309
13241004
40636712
86120751
86120752
13529466
49513164
85908279
12307878
48791583
75286621
75286622
11270236
47679935
74063034
74063035
458748
73941492
9336190
36730805
72129804
9113513
35618217
71007216
8491961
34496660
7279373
34773082
60168186
96157835
33541430
69946549
96334243
22829942
68823957
95218695
21607304
68001309
94096018
20584712
53989821
39373426
66768175
92767273
28151978
65646587
91034681
28039390
54423935
53701457
80796456
26194151
52589809
25472513
52467217
15256925
87639778
14124483
40522482
87917187
13301895
76794549
12289247
49684352
75672051
11067666
48461764
74850403
1344018
47349116
73734821
122520
36527535
73511233
9000988
35494087
62899696
8284390
35272499
61677004
7161742
34550857
60954556
97949165
33334269
60832978
96227613
22211622
69610326
95004025
22499034
58984738
94982447
57761191
94160895
20155904
56649609
83048208
29432356
56827051
55705473
14558127
14558128
40542825
86937530
13331639
76815942
12219047
48608796
15092394
51497409
88581108
14970113
41375811
87769556
13758665
40252269
76647978
13035077
49430782
75425320
2819435
48308134
75702749
1197847
47185546
74580251
37469904
73468603
36247316
62645025
9030160
35125879
61529473
34302287
61397885
97795930
33280639
60675348
23068051
69452756
58330108
95735217
21123811
56673480
82768499
82946847
18940556
44335251
81823360
17228908
16006416
43490025
79985120
6983839
74762582
1151281
47556396
74640994
35699
37433748
73828446
9212051
62706865
35595518
61583217
98978921
34472920
1861629
1861630
37256334
73240432
645087
36033786
63528891
98700941
35199656
61283655
97688360
24073068
60461077
96733134
22138839
59123937
95511642
22916281
58400390
84899094
21893603
57288708
84673417
10071151
56166150
83550869
19959563
56343672
82738277
70493141
43387895
70771599
6766208
42160203
79559912
5043010
5043011
5043012
32448765
32448766
78437364
78437365
5821478
31226177
77610772
4709881
30194529
67598234
3987233
35371948
62376646
23314220
21076084
10131855
56526564
23924608
21686473
58074177
84569886
83347294
10731333
46136942
82224646
19619755
45014450
72402069
18897163
44891812
71386411
17775525
44179224
70564929
43047672
79441381
6830480
78229193
5614808
31102447
54191698
90590303
90590304
23085002
59479050
95474755
22862454
58257569
85651167
84539520
10928224
57312333
82685480
19089195
45078193
82562802
18967507
44352516
6022371
79402185
18789533
43839002
6622715
32617464
79016563
32995276
4388680
31772684
67267333
94666032
30650147
67045745
93449450
39838559
66322203
65100616
91505214
28593329
54088068
53266486
80250185
26655293
53143898
89538537
25533642
52927340
88316955
15710054
51205763
83293307
10698416
46083111
83477829
19476824
45960523
72355272
18743376
45148985
71133680
18621798
44026393
32181268
79176962
5560911
68353324
31833038
31833039
67231737
94626871
30010480
66015185
93503294
39998992
66393507
92781606
28776350
65170459
28053763
54458867
31443476
67831115
93236220
20720928
66719533
55870497
27541563
53936268
89208725
15693423
14470845
13536606
49930315
76029419
71207871
7291576
44686185
70180284
6579928
33964637
79968632
6357341
32841045
68246154
5230799
31629407
68024506
94418111
30907810
67901914
93356623
20745268
66149377
29628180
65017789
92411493
28806532
54895237
91299846
27784944
54178659
80577258
27561302
53956001
89355716
16849715
52834429
15627227
51011872
88406570
14505685
41999284
662853
662857
40177746
16261341
53666449
89055154
15449853
42444868
15327215
41721210
87116928
14105623
40509732
13482075
49477180
76871889
2266498
49655592
75059201
2144946
38532954
74937659
1322368
63092423
5087128
32472237
68860936
94365540
31759689
67744384
94142993
20537097
66022706
93020401
29415459
56809158
92204263
28692962
55787576
91182675
28570310
54965929
80959027
27354732
53842431
80237445
89015998
15397015
41782653
87170768
40669071
77058170
13452889
49847524
76232522
2220237
49725936
75119040
1508649
38502358
74997493
1482001
37880706
269510
36668118
63053267
9547962
35546670
2930675
38325384
75719089
1118137
38203732
64697431
37480144
36368606
62753201
99157310
35146019
62530723
98935722
24429467
61818176
24207889
29185231
54757758
81846453
27240101
54635100
16428514
53413628
89907227
16306932
42790071
41578483
14457896
77840540
75906310
2390019
38395123
75884822
1278431
37663536
64061284
56889
37440988
63945693
9334391
99111753
35606858
62000467
98095162
24484270
61888819
97273514
24361622
50756327
96150936
23545031
59934749
86938484
22423493
58811192
85216896
21200905
58699500
24094258
50588353
97973962
23971061
50366775
86750474
22159429
59644128
85638822
12023931
80794697
16188701
42461852
15844566
41248270
77637979
40516623
77511331
3909436
49394035
76798740
2287848
39271553
75676192
1061200
38459905
64454614
1948619
37337327
63731062
90126061
63509474
62487836
98881931
98169343
23331400
86825114
22219822
59604521
85008676
12097275
11375683
57769391
84754430
10158145
46647144
83032858
19036557
46425662
72819261
18214905
45702014
71797713
8192327
44586426
46247282
73642296
73642297
19636995
72529749
4914353
41302052
77307161
3792766
30286474
76685519
75452921
2857636
38342335
38342336
65330383
1735088
37129797
64514892
90512490
37007105
63492244
99890852
26285557
62279666
99674361
25163979
61557074
98552723
24940422
51335426
97729135
24224830
86607583
23002292
86885905
12989604
84640866
10045474
10813327
45195443
44373896
34250214
70645913
6039967
33438666
79523365
6917479
32302078
69700783
5795882
68688135
94073244
31467949
67466547
93850652
20345391
66740005
93738004
25123713
1527418
38916526
64400161
91405870
37890974
63288573
63288574
90673288
90673289
26077387
26077388
63166095
63166096
99550630
25955749
52340444
98338152
25733157
51227866
97616504
24010609
50005218
23898021
50383626
86377375
59160188
85555787
48048590
84433295
11827244
74210057
46104361
73558460
19943114
46947713
72336818
8820526
45215225
71614230
8608979
34093683
70491682
7986397
33971095
6764709
33158448
69553552
5641251
32036866
68431965
20191720
67586735
93581434
29975188
56364287
92868896
29253591
55241609
91646304
28031913
54525057
81524756
27918365
53303460
80701178
12196873
59281822
11851647
47346782
24731391
50139096
86124104
13518809
59913418
12496261
48891960
85289965
85289966
11674673
48068378
74163487
10552026
47946130
73341839
739444
46724542
72228247
9617996
45002991
72006609
8491308
34989413
71384012
7778726
34767865
60162470
6556178
33041277
69039982
96434581
32828635
31706048
68191756
94599451
21984400
67378104
55034079
82428674
28927782
55312487
54199839
41139112
899287
72283691
34959756
71344451
7733560
34137269
60222213
6616912
33015627
8387138
35772782
71166481
8165596
32615065
69109764
68987122
95372220
21770839
67865534
94259633
20654247
57043986
93437091
29432790
82315403
29719112
55704856
81193865
54082269
81470373
17465972
53860621
80254726
16643334
43147039
89132148
15520842
42925441
78310590
15308295
41803903
77297908
4682617
77075360
2347477
75130221
34010534
60018643
7403341
33897356
60292055
96380700
32775808
22953211
68957925
67225377
94620082
20618081
56003780
93507434
29996433
56980148
82385847
28770951
55168550
21663205
58657303
94046012
21441617
57835716
93920420
20318029
56713174
83107873
29596581
55591586
82085295
18474999
55878038
55878039
17257342
44656450
17535764
43534808
16313112
42717221
79206925
15291624
41685633
78084378
4478086
41463181
41463182
77967790
3356494
30741503
76145142
3134857
39528955
66023650
2411269
38406364
65801012
1295111
38784726
64178424
90173539
37561138
63956833
90351981
26845680
62834295
95238394
21623008
58012707
94016752
57995165
20788863
56773577
82162616
29666221
55051920
82045034
18444733
55838342
80101899
43994202
79266769
15661378
41659072
78144171
4538826
41933425
17322533
43316238
43316239
70711847
16209941
43694650
79698395
15083304
42472002
78876707
5361816
41359411
77754169
4148264
30537973
77522571
3026686
30411385
66809920
2204038
39299733
65687442
92182447
38576155
64961254
91969909
37354507
64749612
90247311
26232916
63626024
99011763
52904476
98999181
25397880
51782995
88176533
24175232
50669347
87054946
23459650
50847759
82832464
18236002
55725117
81119816
18514525
44509529
81997228
17382973
43886072
70875686
16269385
43664494
79059098
15447747
42542842
78936551
5325155
41729254
77714963
4103668
30607616
77092311
3486020
39475024
66870733
2364438
39753577
1142880
662854
662855
91420202
37414347
63813056
90207654
26692769
39185163
66570171
92964816
38363525
65357623
91742238
28240337
64635042
90020780
27024795
90807199
26302107
52350806
99745551
25140659
52534264
88923963
24027078
51412776
87800375
50690129
86784733
13173832
59577547
86962245
12950294
48355999
85840608
11234702
48633301
74627016
11012154
43411769
79905468
6990577
42388271
79783880
5177985
41562624
78661338
78661339
4055337
31440046
77848740
3233859
30227494
3111207
92998610
65877963
37261776
64655485
27548199
63533837
99937842
26326541
52711246
99115354
25200959
52698008
88093706
24487411
51476410
87871125
14365823
50750868
13143275
86926989
12421694
48815792
25800447
51208046
88693151
14088859
50186558
87571563
13965201
40364916
86758915
49238328
74414885
11908584
47393199
74798297
786906
47171541
73575650
36458063
30114823
67508932
39392286
66386380
92881099
39275698
65664792
91668401
28053106
64442155
91946859
27331568
53325667
90724272
26118970
26096328
26096329
52481437
88875132
88875133
25274141
88753594
14152693
50546208
87931906
13935001
49202162
85696777
12081875
48589580
74974229
11969228
47363932
74752631
146746
46241344
73639099
9024198
36429703
72813401
8802510
35306215
71791814
73452089
36841733
73239437
9634146
35129241
62517849
8512558
35906693
61391302
7799906
34884015
60279710
97677329
33062423
53490455
89484053
26889158
52277807
89662401
25166510
52155219
88540324
14934922
51339637
87327776
14812471
40216089
86605184
49094491
12977245
48372950
75366958
11755663
48150362
74644400
39015
47027714
73422829
816427
36205132
72700231
35183584
62587693
8972398
34966096
7850740
60643553
60643554
96915510
22900219
69394324
21187631
58672736
21065189
57450198
93854893
20343502
56337500
23732205
69121954
95515058
22510667
58004362
95493471
21887175
57282724
84271823
20665527
57160136
83554231
15543940
52947044
88332693
15721392
51225407
14604710
40003819
87497553
13482262
76375976
12760674
2547033
48032131
1825445
47810543
74218258
703897
36197902
73192600
9581215
36975314
61248471
98642179
34031284
60025883
97520532
33918636
60303245
96708940
23792058
69181753
95685352
22070401
95463814
21858819
57246528
84731222
83518674
29913783
56308388
82496097
19891131
55285840
81670445
18678554
44163252
81558967
17956906
43341600
70335319
43228023
79613121
5008836
42006475
18491580
81384993
18378992
44763696
70168345
13556444
76045757
2434862
48829461
75223115
1218214
38606913
36768783
62256492
35645105
62034800
98439949
34923554
61912252
97316367
24701066
60195675
97584719
23689428
69073023
96462121
22866836
59851535
95245544
21744288
58139997
84523092
21522601
57916305
83301414
10805153
56894757
83289866
19673561
55072170
82466274
18551923
45955628
81344637
17739335
44133040
70122149
17616743
43011492
79400597
6494106
42899204
79383919
5772618
77449773
4433488
30822527
66226132
3611830
39000945
66104644
92559258
38943357
65342096
91336701
220414
36614113
63009228
36492575
62886670
35770983
61764082
98159737
24557335
60942444
97036149
23431858
50820852
96214561
23619206
59707204
95192919
22586618
58981727
85970321
57869175
57647597
71197066
71074418
17469113
43857222
70252926
6247535
43735670
79130389
5524387
32519092
78917791
5402805
31897444
68295149
4280258
4280259
30674956
67073561
3567660
66947913
92345028
39730727
65124425
92223430
28617139
64002884
91407982
27895597
54880296
52945066
84430165
21834870
57823578
84218527
10612222
83195035
59778096
58655504
84040113
57433966
83928661
10312660
46701379
83705073
19190082
45584727
72083436
18478530
45462149
71861848
44640691
70744296
43528009
79922118
6311717
32305461
79890560
5298175
31683874
68078978
94350039
30348744
66733743
93138457
39622156
66011101
92015800
28400508
65899613
91283212
28388927
54772065
90161770
27565379
53950487
80949182
26443791
52838896
89226534
25221249
52615248
88000953
14509651
51993760
87988305
14386013
40771118
86165817
13650422
45659520
72043279
18438874
45836982
71821687
17315396
44710391
70109009
7593748
43598843
79086452
6471156
32875265
79864860
5259518
31643613
8148322
44536921
7925734
70709488
32476603
68464358
5969957
31353051
67748760
30131474
20419926
66403530
92892239
29296344
65681983
28174796
54569495
91953000
54446813
80831552
26236560
53624265
89019964
16003979
52502677
88996322
15381421
51786039
88774734
14169843
40663548
87052196
13046291
40441990
76830505
13224603
48596760
75991479
1980574
33652635
79656239
5041348
32530043
68934651
5329790
31313405
67712104
94207108
30691817
67680512
93084621
29479265
66863374
92362073
29357687
65741786
65741787
91140491
28534130
54529134
91027843
27412542
54807656
20201255
66290900
93684009
29189613
56577312
92562411
28957126
91740879
80627281
27012990
53417695
80801743
16990348
52394047
89789152
15177750
42172465
88667504
40227329
76722334
13117073
49105782
49389190
75888208
1872843
38267552
74665651
1050355
37444964
73539069
938717
36322312
63717421
62694833
98093548
35488287
93877990
20265095
66750703
93754402
29143457
92932860
28427869
55415564
91800273
27204311
54693926
80088625
27182739
53577438
80965043
16360142
52354896
89743495
15248594
42632209
88021907
14025912
41410651
87804365
14393464
40398073
76782778
13171876
49575521
16960120
42055234
88453933
15848542
41232647
41232648
78231355
78231356
14625090
40110009
77515704
13903402
40998517
76382116
2881864
49275969
75660578
2665273
38053381
75448086
1942635
37931734
64325438
37119142
63503850
9608555
36092504
62481203
99885917
35870016
61269611
24158464
23935886
23213239
59208943
85692042
22091647
54485355
81570454
53363708
16020923
42429678
88413677
15808381
41306080
78751195
14146794
40140448
77539547
13923256
40428851
76416959
2801664
49296203
75690317
2089016
74578720
1966438
37351133
64756282
744887
36239585
63633694
36016907
38783169
37061511
63056220
90444325
36849933
63233638
99628747
25726386
62111090
98506199
25904894
61399402
97383507
24882256
50277355
97661969
23656668
59054773
86449372
22933016
59332125
85327820
11711438
58116537
84504242
11699941
57093995
84482694
10877309
46271408
83266006
15754711
78543464
14532163
41927278
77421977
76209339
76587747
38960450
63410069
62393472
99792080
35187185
62171834
98570539
25964547
61459246
97854941
24842059
50237654
97631303
23020408
59514116
86509711
22908820
59392529
85787173
11881272
58270977
84664085
11069680
57458399
23442438
86331741
23720856
59724555
85119159
12508268
58092907
85497611
11481610
47870325
84274024
10669138
47158777
83152482
10547580
46935289
72330894
19324993
45819647
72218246
8602351
44097050
71095768
7480763
34974462
70369116
2368215
39752820
75147529
2645637
38030232
64202399
36795102
63180841
99585850
26973555
62968263
98452268
25857977
61245672
98630720
24635329
51023024
97518132
23912837
50907446
86395581
23790299
59185998
85673903
12678601
58062306
11845050
47840168
84335863
83512285
19501924
46005939
72490637
19885332
71278040
8662794
44161893
71555408
7540107
33945211
70333910
6728559
33212663
19211362
46606977
72090076
8495780
45483489
71978434
8372133
34761841
70156946
7150545
33545259
60033398
6438003
32422602
69811710
5206415
32600024
68199168
94183877
31588572
63972571
90361289
26866984
99249638
25643346
52038441
52038442
98022050
51916853
97300502
24799107
50793215
87188910
23672629
59071624
86066372
12450071
59859086
11738489
48736598
84121193
11516241
47910940
73309655
10493654
46898368
73287067
19671102
45666710
72060415
8559524
71348837
7337976
34721681
70226289
7610394
33609093
69003792
6498706
69381150
5376159
32764863
68159562
94553671
31548215
28981598
55976207
31374201
68769900
94253655
20248754
67647362
93031067
20426176
56824871
92919429
55702233
82197831
24181936
87074380
23469398
50863093
86852702
13247801
59741415
85136114
12524259
48519867
85914562
11302671
47897376
74891384
10286023
47674738
73079836
9464441
46552140
72957245
9341993
45730592
71734607
8129306
34614910
71002019
7407724
33491462
60880471
6284176
33779875
69164989
96162588
32557233
68941332
95440946
95440947
31434645
68829754
94224458
20612097
67007102
93191801
20590515
56984514
92379223
55762976
82257671
28651380
54040484
81034083
27439792
54828837
80312545
16317140
53701259
89190953
88078306
41867019
69550259
96945958
32349062
69838761
35252119
61641818
8736823
34130561
61525276
7913375
33318980
60303688
96891787
33296432
69680031
95679145
22073844
68468459
95953557
21351206
58346901
94730900
20129614
57523313
93018428
20003027
56401775
82896870
29280589
55289183
82773292
18168997
54563536
81951640
17946349
44440058
80839052
16223761
43218406
78990927
15989522
41373230
78778375
4167084
40251688
77656797
3040496
30439101
76833149
3828844
39317553
65711558
2106266
38590361
65589010
1984618
37478723
64867422
90861137
37256135
63644830
99049589
26534688
62528292
99927991
25311006
51706604
98804359
24299458
51684157
29477860
56461575
82956214
29354228
82134632
18138630
54527349
21011044
57416183
20899496
29177818
82566662
18954366
55349375
81344070
18832779
44227727
80621422
17016131
43004235
79387392
15771991
42166000
78665705
4059313
41044418
77432167
4837861
30221870
77710579
3715284
39109382
66594927
2992036
39987731
65471349
91870448
38265153
64659851
91654806
37042505
23147658
59531356
86520461
12015000
59419719
85808813
44297127
80681226
43575579
16958382
42352091
79747096
15232745
42230449
78625448
4019153
41418852
77402960
4997565
30382214
16780318
79169622
6568731
42052439
78447174
5846183
41830887
78225596
4729591
30118200
77102944
3507053
30996652
66380357
3875465
65268179
92652813
38057522
65046521
91530236
26273196
63261835
99666430
26050548
52445243
39943352
28711704
64116319
91500017
27699122
53094821
90488465
26873574
99266988
52159691
88544390
25538345
51933043
87321742
14816857
50810455
87209160
13694209
49088914
86483512
12571621
49966326
85360035
11759079
48144778
74148483
11637481
47021196
74426895
410904
46809548
73304257
36187051
35960413
8454126
34848821
60237530
7631534
33026283
60110982
92519087
38904695
65398390
91397409
28781003
64276752
90664857
27069566
53054164
90448279
26847978
52331012
99726621
25725326
52119435
88504133
25908748
51097887
87481592
14886190
50275295
87669904
13764602
49158617
86547356
12931061
49936169
85325774
11819473
48214588
51697825
87091930
13486638
40975243
86379342
13364097
49752795
75157704
12541409
48636108
11429811
48814566
545781
72924435
62201847
8200556
34695290
61089209
7574904
34572613
60967717
96352326
69145169
96239878
22634473
94395649
20799347
53184342
89172051
26577155
52962804
89450409
25845518
51849216
88234821
9505425
36099130
72498838
9482987
35877582
61272280
8660395
34755994
61159609
7548747
34933456
327051
36326160
73810864
9205573
9205574
36609518
36609519
62098216
8083925
35487920
61976639
98360333
34365442
60759087
97148796
33543890
60037599
96026108
22420202
69815951
95209656
22398665
58793369
94187078
21576077
57970721
84965420
69975751
58153103
94141712
21546416
57030525
84425220
20424878
56818977
83203672
29601381
56196385
22180094
58589739
95974848
21368442
58363151
84851250
20246864
57630503
83039608
10024317
56518311
82913020
19301729
82791472
18189187
45674286
81078880
43739056
79724755
6128460
42517468
1906812
37491810
74889525
284224
37678339
73667937
9061682
36556781
62941499
9349094
35334193
61728808
98127546
34611551
61606250
97091969
23499963
60884672
96378317
23377425
69761020
96156729
22555834
58549532
95034141
21438286
84211599
83199011
10584050
56588755
82977464
82255872
18249921
44644529
81038234
43709490
79194594
6182103
42577802
79072916
5466615
31855260
18859369
45420955
81825063
18319762
44308317
70703416
17197110
43582229
70980824
6075533
42469671
79868386
5253985
32247099
4918855
30303854
67797569
3292267
39680372
66675911
92079625
65953423
91957038
28346136
64730881
91135480
27520594
53618293
30013902
66407907
93896655
39880350
65285459
92770064
28168762
65563871
91557476
27946124
54340229
90835938
23220533
59228631
86613346
22007085
58406094
85590798
21985407
58374502
57157964
83656563
10040267
46435376
82434071
19828680
45313724
7984540
44478599
70473293
43256007
83286340
19771459
46169154
72554862
18558867
45943516
71331215
8836329
44221928
70219023
7614732
70597485
32986898
79371897
32164201
68258355
4647954
31042659
67436768
94821366
30829071
67314110
93708824
66192538
92586237
29981935
65479980
91864689
28868394
54257392
91642007
27036706
53535814
80529459
52296675
88685329
15079028
40352445
87746184
13735899
40139997
76524506
12018201
49407319
75402014
2896663
48285768
74689476
1174075
47163170
74567889
952523
36346532
73345237
9839945
36224040
62623659
4017398
31002402
7496001
34995106
70389815
6374519
33773528
69167267
6552971
32056070
68045685
5439384
31834488
31712840
67100549
93595154
20989253
66984907
93473606
29867611
55262310
92650018
28645123
55049722
27923575
52083044
89477759
15862758
36010310
62405028
9400127
35998832
62383431
98787535
34172284
61160289
97565997
24050692
60448701
96433300
23837054
55226153
92610868
28115467
54100561
91598270
27993919
54387923
80776622
27870337
53265336
29650040
56058749
92043888
29537493
55936191
81321206
28715905
54700519
81108658
27693363
53087962
80086070
16471775
53865474
89264428
15758127
49964567
64806765
291414
37799519
63184227
90179822
36577931
62962630
99456344
25451383
62849088
98234196
24639891
61027400
97112505
24506253
50901852
96399967
23384666
59789370
86277379
22662014
85055821
58844135
84339249
57722593
83094004
19489718
45877457
72272462
18666161
45655875
71159974
3544583
40939228
76937326
3322931
49816630
75215744
2609443
38694052
75083197
1487805
37972500
64966519
365213
37750912
99543666
36637374
62022479
99426088
35815783
62200831
98204536
24793135
1187243
37582948
63854005
99243014
26237713
25415161
51510279
98904974
24393683
50797682
97182396
50675040
58720904
11110218
47504322
84903021
10497636
47882774
83880473
19275188
46660187
72064891
79875526
5370235
32768230
64753988
1157683
37542782
63031396
50482813
86976918
23361526
59765225
86154370
12148078
58543073
85032782
48421595
84815190
10182251
46576366
72971064
19369609
45354718
72859417
8243121
44632120
71036835
7021574
34419588
70914287
6309986
69792699
6186304
32671443
9069157
8843569
34242278
33129626
60514625
33907039
95886782
32281491
68679595
31059809
67557908
94942656
20936251
93729065
29114773
56619778
92607427
81881839
28270534
54374642
81769387
27157996
33467872
69852487
95856586
32245230
68630939
95134948
31123642
67517351
93880808
29284413
92067220
29062925
81945678
54734082
67127799
20001443
56495147
93490856
29884951
55273560
82777208
28762303
55151012
81555617
18940725
54334420
80433039
17827173
53212882
80611581
16605586
42090294
89594399
15983048
42377643
78362751
14761450
41255165
73640163
44818
46033517
9822220
7987191
60461804
6855503
33250142
69248256
96633955
32138660
69522668
95911373
21915012
68300121
94798725
21293424
67288539
93672138
56465981
93850690
29948294
55343303
82738008
28126717
55521751
81615450
17000165
54408264
80893872
53286626
89771220
89558743
78836195
14821890
41215808
77610503
4008212
40493210
4991081
3779493
30163008
76552147
2656842
39041550
65430555
2834264
38229962
64213017
1712616
64591429
91434602
38529357
64927055
90312154
37706769
63101468
90290572
26684111
62089826
95477924
13258285
50642380
82041999
19535693
55920742
81914447
18313046
44708154
81192859
17691568
43685562
70070211
16474916
43863925
79858629
5352328
42741437
78135071
5530780
41524885
77913594
4408198
30802207
77891946
3285551
30680659
66078354
2563463
39568067
65952776
92341815
38745520
64230128
91228233
27623932
64018647
79928401
5916510
3078380
30576089
66961194
3355732
39354437
66749546
92133240
38628859
65626958
91011603
28406301
64804316
27383719
53782828
90176467
26561172
52566270
99054885
52843699
88232397
24226942
14504454
86993168
12266229
48654323
85059922
11443677
48832775
74936480
11321089
47710198
73104892
109401
46593546
73082255
9486959
35871958
72860663
8264361
71143015
7142724
34536828
60921537
7320132
33814281
69809989
96203584
32692693
69087397
64964750
90359458
53742162
99137266
26631975
52020510
99414629
25419323
52807032
28292031
91781484
27170599
82184400
51578214
88962829
14357527
50855622
87240371
13234975
40633084
33331231
9726840
36114945
10028504
9603252
35098357
61496006
98881700
34876719
61374414
96546575
23931679
69436288
95824983
22819092
58203736
95602345
21057444
57541158
84546257
20934852
57329501
83723605
19712214
19096726
45484331
82489470
18973184
44362883
81767888
17751597
44146295
70534340
20994205
56677752
82661461
19050066
55554175
21949879
58938528
84332527
21727231
57111330
83610035
10604644
56099748
83488497
19882096
46877100
82361809
45154513
71549257
18548966
44932065
70427670
17825378
43210483
70204022
6609736
42198835
79582540
31259606
66425726
3410461
39915560
66309175
92798873
38192988
65187687
91575236
24070330
60465049
97453744
23848752
59242457
96637156
22125101
59120809
95515518
21903613
58308221
84792926
21887075
57285770
83670388
10065487
56063182
83558891
19942835
45337544
18720257
45115956
81613061
43270827
79775821
6763530
42158279
79552283
5941982
32335697
78420796
4825390
31213049
57946551
46123974
82128978
19516687
45001322
71406430
18890039
44889144
70551291
6556909
79339613
32828466
5611760
31006879
4599182
30983281
67378935
93777634
66156348
92644052
39049051
92428405
28827503
64211118
90583279
26988374
76352503
49131917
15130912
41525660
88919365
14418464
41802073
87897777
13291886
40680521
76075139
13179234
49568943
75952542
2347656
48745395
75730490
1225009
37629703
74018812
2511
33407125
69895264
5380979
5168381
31562086
68957034
94445733
30430448
67835547
93229151
20618850
66712905
92107604
29595202
55990317
92385016
28373620
54878729
91262474
27657173
54656181
80040886
26435595
16312943
52707042
88106656
15590355
41085464
88083109
14478717
13256226
40740224
76145933
13533678
49928686
75922381
2311090
48806195
75290703
1295442
37683547
74078255
572850
37961969
73956664
9350312
36745317
62133026
9238125
35622739
61011438
98416533
34800281
1855886
37343995
63748694
132308
36521307
63526052
35405755
62803464
35283277
94076521
66569334
93953933
29348048
56733747
92731385
28226490
81019803
28403802
54498517
80993256
27381364
53776969
80170678
16169772
52553471
89058026
15443125
42431833
88836438
14220547
41619242
77103950
14108995
40597694
76981308
13386407
49370016
76869711
2263869
75047173
1041278
38436986
74920585
1329620
37313338
63708033
197042
36591747
63086455
9070454
50699850
38082437
64487132
1876841
37260946
63265554
90659259
36148308
63542003
99937011
25926710
62320425
98715423
25209168
51208877
97692972
24087580
50486289
97870394
23965033
59353647
86758746
84797028
10186633
83575471
19963185
46358784
72843899
18847598
45236142
71620241
8025950
6180710
32175429
32453837
4836680
31230289
67725394
94113093
99991455
25396150
62480168
98875863
25273572
61668670
97053215
24151924
50546029
37930737
86605515
23099524
59494222
85888377
12877076
58371671
85766789
11155484
47149093
10034401
10938846
59094601
85182315
11587414
71187462
8571567
34976176
70465810
7459919
33854624
60242223
6637331
32731036
69120785
95515789
32909498
68304193
94392192
31887806
67282505
94670654
20065259
66069967
93454062
29942771
56347375
92332424
28720123
55125728
81519836
28004531
54092240
81497285
53270092
80275707
42932862
84330567
11825276
47219274
73218989
10602628
46057733
73542331
9940036
45935145
72329844
8728498
45112597
71607202
7602800
34090915
70485614
33878367
60362066
6767771
32152870
69540484
95545183
32939238
8428836
34813545
71817640
7206349
34690953
60095092
6589707
33578406
69973414
96367119
32756828
68250822
95245571
21639276
68038375
94423983
15464375
41406613
77895328
3289027
30284022
76672730
3167439
39552584
65956182
38339996
65734501
91222209
37617348
64612053
90000652
37495766
63899465
99984170
26372118
62777823
99162522
25550531
52645235
98049934
24434049
51822687
83827392
20212491
56700100
82105704
29599813
55584558
82983267
18377261
54862960
81260679
17255673
44649322
80044027
16433136
43527730
79912449
16310544
42705243
78199891
15198996
73478096
863795
46261704
72656408
5141117
31149212
78534861
4928565
30327674
77312273
3806388
30291086
66699781
3084730
39078434
65477143
92962242
38356857
65351555
91749600
27134209
90027012
99748883
25137581
51522296
88926295
24915933
51409648
13298352
50687050
86682165
13076804
49565413
85969517
12954226
48348921
85747929
11132674
48626373
74615388
10019086
47404795
73898890
897409
46382143
72776252
9175957
35569555
8953369
34447918
71832012
7236721
34225426
60619435
6004133
33503878
9597987
36982581
72386290
8775395
35269904
8653757
34047456
60442460
7436169
33925864
60329973
92714517
39103226
91592030
64475743
91479482
49027020
75416738
12801833
48805472
75294187
1688285
48183890
74577599
73355951
36848764
9627468
5829717
31817415
77202120
4606229
30095833
3574681
39973386
66367984
2752099
35756798
61245403
97639441
97417863
60306277
62967433
98462037
20455229
57940938
83334932
10333641
56727340
82112494
19510093
45005708
82090807
18494511
45883110
71277255
17272964
44760562
70155677
17550376
43944080
79933029
6327734
42822433
79210531
5205146
31600845
78098950
4483598
31987203
67972302
3361010
30765615
66150724
3248469
65037172
92422871
38811586
65815684
91300233
28798938
64193046
90587641
27572350
53971455
90465153
22850702
58858807
95243515
21637210
58036229
84521924
20515672
57900671
83308376
10793085
56787189
82286798
19671433
45065541
82460246
18458255
44843954
21347668
57736667
84121302
10125011
56510115
83008724
19403423
82886276
19271881
45675980
71164684
18158393
44553392
71948047
7336745
43331750
70825459
1259814
5182107